+85297155186
+85290730086
+85296688141
+85291228063
+85268848209
+85297656892
+85291320954
+85266062621
+85298150601
+85291099103
+85262383689
+85292575061
+85256476489
+85292723312
+85293765455
+85253091831
+85265772007
+85297139086
+85292570486
+85260165547
+85269513230
+85268794346
+85293356126
+85262395026
+85264355471
+85261725305
+85252442140
+85263000443
+85269041141
+85261033042
+85297107257
+85267693706
+85244989846
+85262186717
+85297570114
+85261718436
+85291383280
+85253950443
+85256472231
+85246418532
+85295000236
+85291798230
+85297983011
+85293583696
+85261271585
+85292176492
+85252314594
+85298358022
+85251173404
+85292436993
+85290386236
+85294568913
+85261741704
+85269793885
+85296428442
+85247341411
+85291899082
+85297771024
+85261883172
+85263072927
+85294757968
+85290932589
+85268164165
+85254905044
+85293191304
+85297281772
+85259200030
+85295111363
+85298732642
+85260629196
+85270751171
+85257965923
+85296412267
+85260112168
+85296450883
+85264468144
+85261372233
+85255981212
+85262206190
+85266070366
+85298705876
+85291892482
+85254070208
+85291362197
+85291637289
+85298882706
+85253935269
+85251174128
+85251843351
+85290533787
+85260934443
+85260215120
+85251613876
+85298077774
+85263466394
+85295408376
+85251010110
+85260559753
+85252669324
+85244469188
+85292286757
+85251131322
+85294524864
+85292316237
+85290213804
+85244137949
+85269495264
+85291970109
+85291479930
+85293554281
+85262816332
+85292889964
+85255486959
+85264092092
+85298744226
+85298736073
+85264660377
+85297311747
+85267420092
+85291918090
+85262343154
+85261382405
+85261437835
+85298845532
+85291090172
+85295429547
+85255446052
+85291315520
+85294766483
+85255796530
+85295467173
+85298025446
+85295433427
+85295357708
+85291392381
+85293730580
+85255886834
+85265880110
+85291561287
+85297332243
+85253718680
+85293290044
+85294060077
+85266411439
+85259589129
+85252208448
+85284019752
+85261026746
+85260963645
+85269281299
+85266778956
+85294703632
+85298805519
+85262736921
+85261214271
+85263715758
+85255107433
+85251629579
+85297851919
+85270712823
+85255954088
+85293350202
+85292359803
+85297111717
+85292171680
+85297299892
+85265914620
+85259367406
+85264338517
+85295382022
+85263162551
+85251887009
+85297005168
+85263011316
+85265430570
+85291596192
+85266882983
+85294477577
+85266774869
+85254034853
+85293866729
+85260569420
+85256176964
+85268999553
+85267367191
+85262168880
+85298517465
+85259895252
+85261836271
+85298719150
+85264398799
+85260811986
+85260983448
+85297782401
+85298185247
+85296257661
+85296400773
+85284905391
+85297984127
+85263185781
+85298168115
+85268416146
+85254001626
+85251885186
+85290967216
+85264185728
+85260286051
+85265052333
+85298665541
+85268483007
+85252232632
+85254053459
+85268800398
+85259389626
+85261305592
+85268471645
+85265075828
+85255929559
+85264971967
+85252230207
+85269906027
+85296593389
+85296069996
+85252445514
+85294319303
+85292213766
+85257426195
+85266728365
+85269004459
+85266063513
+85292118808
+85268422170
+85297070180
+85246273954
+85290298312
+85263472883
+85296399091
+85268895913
+85292231310
+85260125531
+85291283506
+85247208223
+85294316078
+85298886030
+85260970318
+85263907351
+85267396699
+85292452804
+85251269388
+85262856025
+85296695453
+85269963506
+85261593929
+85260988178
+85251685090
+85254000201
+85297279874
+85290573793
+85291293189
+85290257346
+85261919043
+85295187355
+85298308850
+85297327015
+85254651992
+85261616608
+85293316621
+85264745541
+85292652694
+85298493062
+85296140017
+85262918826
+85296199193
+85293673274
+85256188502
+85295196078
+85295118098
+85291998844
+85263969037
+85291567668
+85254263375
+85261221796
+85260211149
+85298600829
+85257177915
+85267184218
+85257037091
+85291385303
+85291960253
+85254098608
+85254025204
+85295207600
+85254786650
+85291665560
+85296194116
+85266430377
+85270712229
+85263303964
+85296512255
+85252238841
+85261881265
+85257759897
+85254950919
+85293283084
+85292050660
+85261433850
+85294333814
+85262101843
+85298433360
+85267441301
+85254064116
+85253646048
+85290981961
+85261725245
+85256904415
+85292051733
+85269704965
+85262538447
+85290229515
+85298646468
+85296333323
+85267518273
+85255738704
+85265876587
+85247330378
+85270721536
+85267032392
+85255435576
+85263388033
+85269457525
+85294709972
+85261765552
+85294135546
+85256069554
+85266386607
+85266769561
+85254886105
+85257253185
+85256102968
+85291075887
+85261334918
+85260464285
+85291289998
+85253133545
+85296692332
+85296684272
+85291025560
+85264328272
+85267491515
+85267378252
+85267376887
+85255701006
+85262222845
+85264003533
+85295801688
+85253407219
+85294615926
+85290681157
+85253612289
+85297821522
+85261529287
+85268703512
+85292726865
+85292640630
+85262885698
+85296330791
+85261236656
+85298076030
+85268272256
+85251097466
+85254243211
+85298552837
+85246379287
+85268251127
+85294673177
+85253033021
+85268271580
+85296960604
+85290487748
+85267091274
+85294819997
+85261888476
+85296040248
+85291740324
+85291061233
+85294484632
+85262033520
+85262178825
+85290956361
+85252651205
+85268082755
+85260711107
+85298635236
+85297937569
+85267730403
+85253843795
+85255243613
+85253376673
+85254001428
+85296000142
+85261626152
+85267058507
+85267077225
+85261303134
+85292094793
+85269388762
+85252045578
+85291885807
+85294174040
+85291482475
+85292267655
+85251781895
+85260851914
+85264101138
+85266332314
+85290194960
+85297002733
+85284810415
+85261454521
+85267498425
+85291779285
+85252674077
+85290517000
+85294203308
+85264285643
+85251137564
+85257036380
+85259664472
+85293832679
+85255485676
+85290321358
+85254085241
+85257778557
+85268063535
+85294297343
+85254980919
+85257111062
+85293805665
+85291039111
+85262315207
+85253950290
+85291029104
+85263372212
+85296493218
+85268888562
+85264309943
+85252496130
+85256372268
+85264641908
+85292370123
+85295493029
+85252948468
+85266295697
+85246833368
+85294149948
+85298259929
+85264385254
+85265803238
+85269916962
+85266071994
+85260719469
+85294055887
+85295405211
+85251702095
+85298202862
+85246384190
+85252814930
+85262320647
+85298486748
+85298299928
+85298562198
+85268475416
+85291555917
+85293764688
+85290735384
+85292002131
+85293138100
+85261316673
+85292738832
+85297665264
+85292006370
+85259158576
+85253283292
+85260129623
+85265826889
+85292720988
+85261991530
+85253139675
+85255989065
+85290120281
+85253449496
+85298298185
+85254224029
+85292677215
+85262148203
+85259268709
+85260807678
+85255016385
+85255664702
+85261795121
+85263808992
+85290873259
+85292015687
+85264644307
+85298495757
+85261107569
+85265807824
+85267552264
+85291900459
+85298105166
+85264858007
+85265248318
+85257211423
+85253770183
+85264833188
+85298789681
+85291358777
+85269085617
+85290153266
+85264945161
+85298425228
+85263157509
+85262725899
+85259925381
+85261062699
+85298072204
+85246411497
+85254079739
+85265395407
+85293187188
+85260953744
+85291217120
+85252250048
+85296252548
+85265186836
+85254105418
+85293420387
+85252261313
+85263576749
+85297207941
+85293418820
+85297414334
+85252174512
+85263555483
+85268927261
+85291859069
+85296836992
+85261861239
+85260802423
+85253086852
+85268938796
+85264190685
+85253405612
+85298363352
+85293898839
+85254068899
+85292095474
+85261784768
+85296623875
+85263972542
+85266260383
+85251067392
+85262222042
+85251000005
+85294718979
+85290763731
+85253056325
+85295110251
+85295737766
+85292321341
+85295038495
+85251708891
+85294495853
+85261274434
+85266558852
+85298232695
+85261139621
+85253959478
+85297480963
+85259654427
+85246577006
+85269383894
+85297301831
+85260167580
+85297867887
+85254486551
+85251994525
+85262845997
+85267709731
+85260973204
+85294308809
+85257497289
+85256456426
+85267372951
+85296159647
+85261110744
+85297558175
+85257448314
+85292074353
+85290920402
+85266760395
+85254067017
+85252001361
+85263482815
+85268265877
+85291348838
+85295313636
+85252822655
+85263186419
+85265225834
+85294366501
+85260220892
+85297176660
+85296747492
+85264201280
+85295034653
+85290601142
+85295825529
+85266266603
+85261620437
+85259517221
+85297881399
+85244359014
+85255322340
+85298814083
+85294126111
+85298700970
+85290755709
+85264336114
+85291230290
+85292339907
+85262015845
+85267144558
+85291007035
+85293308154
+85263508269
+85292793634
+85259316419
+85293251518
+85291890801
+85266510738
+85265651124
+85266176074
+85298321909